1.5168
0.7566
0.6075
0.5703
0.5102
0.4458
0.4513
0.4363
0.4034
0.3945
0.3683
0.3811
0.3648
0.3532
0.3286
0.3287
0.3364
0.3376
0.3446
0.3344
0.3377
0.3456
0.3514
0.3420
0.3289
0.3269
0.3369
0.3305
0.3236
0.3097
0.3094
0.3077
0.3051
0.2912
0.3072
0.2886
0.2726
0.2784
0.2703
0.2896
0.2759
0.2601
0.2704
0.2515
0.2514
0.2404
0.2410
0.2576
0.2488
0.2385
0.2366
0.2214
0.2161
0.2294
0.2227
0.2306
0.2270
0.2052
0.2153
0.2153
0.2253
0.2239
0.2240
0.2121
0.2117
0.2146
0.2169
0.2068
0.2154
0.2113
0.2192
0.2198
0.2216
0.2100
0.2070
0.2178
0.2039
0.2193
0.2510
0.2144
0.2093
0.2055
0.2013
0.2069
0.1975
0.1941
0.2026
0.2071
0.1974
0.1931
0.1894
0.1915
0.1890
0.1926
0.1898
0.1782
0.1790
0.1764
0.1774
0.1703
0.1809
0.1966
0.1784
0.1775
0.1688
0.1738
0.1781
0.1868
0.1900
0.1989
0.1908
0.1830
0.1860
0.1738
0.1783
0.1744
0.1875
0.1815
0.1888
0.1838
0.1798
0.1810
0.1854
0.1857
0.1797
0.1782
0.1826
0.1772
0.1776
0.1694
0.1720
0.1664
0.1724
0.1680
0.1632
0.1582
0.1639
0.1640
0.1662
0.1623
0.1598
0.1525
0.1622
0.1635
0.1623
0.1603
0.1575
0.1579
0.1590
0.1634
0.1694
0.1586
0.1723
0.1687
0.1708
0.1755
0.1643
0.1683
0.1659
0.1652
0.1639
0.1649
0.1564
0.1694
0.1667
0.1557
0.1565
0.1533
0.1622
0.1512
0.1542
0.1557
0.1466
0.1494
0.1508
0.1475
0.1437
0.1462
0.1366
0.1395
0.1430
0.1428
0.1507
0.1556
0.1464
0.1560
0.1504
0.1491
0.1541
0.1492
0.1433
0.1513
0.1548
0.1431
0.1485
0.1567
0.1585
0.1621
0.1734
0.1539
0.1525
0.1481
0.1511
0.1409
0.1452
0.1414
0.1367
0.1476
0.1502
0.1398
0.1417
0.1369
0.1394
0.1402
0.1425
0.1405
0.1333
0.1394
0.1338
0.1352
0.1348
0.1343
0.1378
0.1348
0.1363
0.1459
0.1302
0.1342
0.1392
0.1368
0.1339
0.1415
0.1405
0.1418
0.1382
0.1623
0.1462
0.1446
0.1468
0.1429
0.1406
0.1490
0.1428
0.1346
0.1470
0.1458
0.1369
0.1377
0.1491
0.1385
0.1288
0.1300
0.1321
0.1291
0.1370
0.1273
0.1287
0.1289
0.1302
0.1294
0.1242
0.1322
0.1310
0.1269
0.1282
0.1347
0.1304
0.1288
0.1298
0.1323
0.1304
0.1331
0.1441
0.1328
0.1449
0.1431
0.1438
0.1320
0.1291
0.1344
0.1412
0.1538
0.1394
0.1412
0.1392
0.1346
0.1450
0.1318
0.1306
0.1327
0.1282
0.1249
0.1298
0.1223
0.1216
0.1254
0.1303
0.1249
0.1227
0.1270
0.1236
0.1210
0.1248
0.1226
0.1247
0.1173
0.1267
0.1230
0.1248
0.1262
0.1225
0.1256
0.1240
0.1291
0.1350
0.1427
0.1324
0.1291
0.1307
0.1359
0.1333
0.1282
0.1347
0.1336
0.1338
0.1310
0.1299
0.1257
0.1282
0.1245
0.1228
0.1257
0.1196
0.1252
0.1212
0.1211
0.1182
0.1217
0.1148
0.1190
0.1177
0.1183
0.1233
0.1188
0.1144
0.1245
0.1225
0.1252
0.1204
0.1235
0.1262
0.1218
0.1240
0.1276
0.1251
0.1260
0.1348
0.1280
0.1270
0.1287
0.1317
0.1251
0.1308
0.1243
0.1257
0.1257
0.1210
0.1264
0.1301
0.1182
0.1169
0.1265
0.1216
0.1239
0.1154
0.1215
0.1142
0.1146
0.1116
0.1165
0.1159
0.1143
0.1123
0.1163
0.1164
0.1146
0.1147
0.1174
0.1157
0.1162
0.1151
0.1229
0.1251
0.1288
0.1232
0.1249
0.1262
0.1183
0.1239
0.1235
0.1219
0.1300
0.1283
0.1241
0.1195
0.1200
0.1174
0.1204
0.1170
0.1210
0.1184
0.1247
0.1157
0.1151
0.1077
0.1087
0.1126
0.1111
0.1088
0.1112
0.1124
0.1119
0.1080
0.1099
0.1155
0.1080
0.1127
0.1133
0.1155
0.1107
0.1087
0.1110
0.1141
0.1261
0.1227
0.1186
0.1289
0.1225
0.1169
0.1251
0.1611
0.1313
0.1297
0.1154
0.1193
0.1196
0.1146
0.1172
0.1149
0.1150
0.1146
0.1195
0.1106
0.1098
0.1111
0.1036
0.1099
0.1074
0.1157
0.1064
0.1077
0.1061
0.1070
0.1095
0.1107
0.1113
0.1088
0.1057
0.1079
0.1154
0.1135
0.1169
0.1083
0.1100
0.1137
0.1236
0.1262
0.1201
0.1136
0.1172
0.1166
0.1181
0.1220
0.1237
0.1226
0.1162
0.1062
0.1164
0.1136
0.1127
0.1070
0.1086
0.1062
0.1090
0.1079
0.1067
0.1087
0.1041
0.1056
0.1056
0.1030
0.1034
0.1136
0.1055
0.1060
0.1064
0.1096
0.1088
0.1099
0.1089
0.1071
0.1096
0.1120
0.1115
0.1114
0.1375
0.1209
0.1172
0.1107
0.1117
0.1191
0.1129
0.1194
0.1179
0.1138
0.1132
0.1195
0.1214
0.1147
0.1139
0.1116
0.1057
0.1091
0.1038
0.1039
0.1065
0.1042
0.1071
0.1121
0.1049
0.1025
0.1072
0.0997
0.0998
0.1018
0.1060
0.1039
0.1093
0.1069
0.1123
0.1138
0.1096
0.1077
0.1097
0.1152
0.1083
0.1186
0.1139
0.1228
0.1146
0.1121
0.1133
0.1142
0.1092
0.1128
0.1182
0.1145
0.1081
0.1084
0.1089
0.1041
0.1075
0.1088
0.1075
0.1027
0.0956
0.1044
0.0987
0.1041
0.1026
0.1014
0.1011
0.1005
0.1012
0.0951
0.0984
0.1067
0.0980
0.1016
0.1111
0.1038
0.1082
0.1039
0.1104
0.1101
0.1117
0.1094
0.1139
0.1136
0.1178
1.5168
0.7564
0.6080
0.5700
0.5102
1.5167
0.7561
0.6074
0.5693
0.5090
0.4437
0.4493
0.4336
0.3985
0.3899
0.3631
0.3730
0.3561
0.3440
0.3181
0.3162
0.3211
0.3221
0.3266
0.3158
0.3148
0.3252
0.3289
0.3234
0.3098
0.3094
0.3187
0.3197
0.3140
0.3033
0.3048
0.3053
0.3087
0.2962
0.3121
0.2946
0.2788
0.2878
0.2814
0.3000
0.2878
0.2719
0.2904
0.2631
0.2590
0.2514
0.2544
0.2732
0.2650
0.2532
0.2487
0.2331
0.2230
0.2367
0.2302
0.2418
0.2317
0.2095
0.2152
0.2124
0.2229
0.2202
0.2180
0.2035
0.2042
0.2027
0.2058
0.1964
0.2044
0.2005
0.2060
0.2067
0.2100
0.1996
0.1961
0.2085
0.1954
0.2138
0.2383
0.2093
0.2062
0.2067
0.2011
0.2072
0.2015
0.2034
0.2108
0.2172
0.2089
0.2109
0.2069
0.2052
0.2040
0.2072
0.2049
0.1920
0.1910
0.1886
0.1902
0.1773
0.1896
0.2163
0.1869
0.1827
0.1694
0.1744
0.1759
0.1816
0.1836
0.1906
0.1788
0.1746
0.1757
0.1652
0.1676
0.1670
0.1734
0.1732
0.1759
0.1728
0.1669
0.1702
0.1746
0.1763
0.1750
0.1710
0.1804
0.1788
0.1803
0.1738
0.1825
0.1752
0.1830
0.1794
0.1731
0.1710
0.1775
0.1808
0.1795
0.1809
0.1753
0.1628
0.1762
0.1721
0.1737
0.1663
0.1646
0.1607
0.1588
0.1667
0.1719
0.1563
0.1664
0.1601
0.1572
0.1582
0.1551
0.1585
0.1526
0.1496
0.1494
0.1559
0.1450
0.1559
0.1556
0.1471
0.1483
0.1486
0.1576
0.1501
0.1557
0.1577
0.1503
0.1575
0.1563
0.1544
0.1506
0.1558
0.1443
0.1503
0.1529
0.1535
0.1685
0.1738
0.1576
0.1632
0.1621
0.1630
0.1666
0.1601
0.1510
0.1611
0.1582
0.1448
0.1478
0.1530
0.1485
0.1546
0.1516
0.1456
0.1454
0.1400
0.1405
0.1350
0.1374
0.1333
0.1307
0.1399
0.1428
0.1352
0.1384
0.1335
0.1375
0.1389
0.1433
0.1423
0.1350
0.1396
0.1374
0.1380
0.1388
0.1421
0.1447
0.1467
0.1494
0.1597
0.1377
0.1412
0.1455
0.1454
0.1411
0.1512
0.1462
0.1467
0.1415
0.1666
0.1467
0.1428
0.1430
0.1414
0.1387
0.1438
0.1399
0.1281
0.1393
0.1387
0.1321
0.1323
0.1415
0.1356
0.1265
0.1277
0.1295
0.1277
0.1356
0.1280
0.1275
0.1291
0.1321
0.1304
0.1261
0.1317
0.1318
0.1271
0.1297
0.1371
0.1327
0.1310
0.1320
0.1347
0.1323
0.1355
0.1475
0.1330
0.1467
0.1454
0.1463
0.1323
0.1288
0.1353
0.1410
0.1533
0.1434
0.1421
0.1303
0.1343
0.1477
0.1335
0.1326
0.1352
0.1287
0.1264
0.1303
0.1242
0.1226
0.1267
0.1311
0.1256
0.1217
0.1270
0.1227
0.1200
0.1254
0.1217
0.1249
0.1167
0.1264
0.1195
0.1214
0.1237
0.1198
0.1217
0.1213
0.1241
0.1260
0.1330
0.1243
0.1243
0.1287
0.1351
0.1324
0.1264
0.1351
0.1373
0.1404
0.1352
0.1366
0.1408
0.1402
0.1323
0.1288
0.1324
0.1258
0.1326
0.1287
0.1283
0.1251
0.1273
0.1208
0.1226
0.1213
0.1208
0.1278
0.1198
0.1153
0.1241
0.1197
0.1245
0.1186
0.1194
0.1212
0.1166
0.1157
0.1179
0.1141
0.1177
0.1218
0.1199
0.1187
0.1204
0.1232
0.1168
0.1262
0.1181
0.1224
0.1232
0.1218
0.1295
0.1336
0.1204
0.1213
0.1371
0.1406
0.1378
0.1262
0.1360
0.1218
0.1245
0.1193
0.1315
0.1275
0.1250
0.1190
0.1210
0.1219
0.1189
0.1198
0.1200
0.1168
0.1152
0.1127
0.1166
0.1169
0.1192
0.1144
0.1132
0.1183
0.1097
0.1133
0.1157
0.1146
0.1184
0.1126
0.1112
0.1133
0.1135
0.1129
0.1173
0.1145
0.1179
0.1224
0.1321
0.1247
0.1249
0.1170
0.1158
0.1220
0.1211
0.1194
0.1245
0.1257
0.1248
0.1226
0.1208
0.1238
0.1140
0.1188
0.1190
0.1230
0.1162
0.1118
0.1118
0.1126
0.1201
0.1139
0.1118
0.1146
0.1120
0.1094
0.1105
0.1148
0.1052
0.1138
0.1059
0.1096
0.1113
0.1076
0.1106
0.1085
0.1102
0.1090
0.1144
0.1083
0.1106
0.1137
0.1070
0.1134
0.1119
0.1250
0.1151
0.1166
0.1131
0.1153
0.1199
0.1205
0.1238
0.1195
0.1153
0.1184
0.1364
0.1293
0.1297
0.1159
0.1129
0.1147
0.1188
0.1222
0.1130
0.1085
0.1122
0.1107
0.1084
0.1119
0.1124
0.1118
0.1089
0.1014
0.1052
0.1048
0.1070
0.1024
0.1044
0.1039
0.1078
0.1073
0.1068
0.1090
0.1054
0.1078
0.1074
0.1076
0.1070
0.1168
0.1113
0.1143
0.1222
0.1179
0.1161
0.1154
0.1172
0.1137
0.1164
0.1172
0.1184
0.1169
0.1272
0.1300
0.1184
0.1113
0.1124
0.1167
0.1110
0.1128
0.1083
0.1090
0.1084
0.1123
0.1138
0.1118
0.1058
0.1075
0.1039
0.1064
0.1019
0.1026
0.1079
0.1037
0.1077
0.1127
0.1056
0.1038
0.1082
0.0996
0.0997
0.1026
0.1081
0.1053
0.1100
0.1074
0.1126
0.1120
0.1105
0.1105
0.1125
0.1165
0.1078
0.1194
0.1136
0.1215
0.1130
0.1127
0.1192
0.1163
0.1137
0.1158
0.1161
0.1119
0.1093
0.1104
0.1102
0.1049
0.1096
0.1113
0.1112
0.1057
0.0972
0.1049
0.0987
0.1044
0.1040
0.1021
0.1016
0.0998
0.1003
0.0955
0.0987
0.1065
0.0971
0.1011
0.1077
0.1021
0.1042
0.1014
0.1037
0.1038
0.1051
0.1059
0.1079
0.1072
0.1122
0.1099
0.1088
0.1086
0.1138
0.1198
0.1147
0.1108
0.1132
0.1144
0.1147
0.1126
0.1168
0.1143
0.1109
0.1047
0.1163
0.1052
0.1076
0.1039
0.0996
0.1060
0.1048
0.0987
0.1002
0.1022
0.1030
0.1033
0.0999
0.0999
0.0986
0.0973
0.0996
0.0972
0.1004
0.0996
0.0983
0.0999
0.1023
0.0938
0.0965
0.1139
0.1052
0.1095
0.1069
0.1103
0.1156
0.1067
0.1070
0.1069
0.1094
0.1292
0.1466
0.1122
0.1128
0.1098
0.1078
0.1119
0.1071
0.1086
0.1064
0.1145
0.1047
0.1078
0.1015
0.1038
0.1040
0.0993
0.1005
0.0997
0.0995
0.1030
0.1004
0.0959
0.0989
0.1015
0.1054
0.0943
0.1005
0.0956
0.1008
0.0958
0.0969
0.0956
0.1001
0.0944
0.1006
0.0976
0.1011
0.1040
0.1116
0.1040
0.1025
0.0974
0.0996
0.1084
0.1142
0.1129
0.1206
0.1081
0.1111
1.5167
0.7560
0.6068
0.5685
0.5079
0.4433
0.4486
0.4318
0.3967
0.3870
0.3595
0.3686
0.3499
0.3384
0.3117
0.3092
0.3122
0.3126
0.3148
0.3031
0.3010
0.3123
0.3135
0.3051
0.2920
0.2924
0.3006
0.3039
0.2993
0.2899
0.2921
0.2937
0.2989
0.2900
0.3071
0.2901
0.2776
0.2881
0.2801
0.3012
0.2888
0.2756
0.2949
0.2668
0.2643
0.2605
0.2621
0.2852
0.2756
0.2637
0.2583
0.2427
0.2330
0.2480
0.2411
0.2533
0.2421
0.2227
0.2261
0.2212
0.2318
0.2314
0.2270
0.2092
0.2090
0.2061
0.2077
0.1988
0.2022
0.1980
0.2033
0.2030
0.2028
0.1928
0.1902
0.1999
0.1864
0.1998
0.2254
0.1996
0.1989
0.1943
0.1932
0.1955
0.1924
0.1916
0.2017
0.2096
0.1986
0.1955
0.1948
0.2005
0.2033
0.2048
0.2015
0.1899
0.1909
0.1905
0.1954
0.1814
0.1968
0.2293
0.1969
0.1916
0.1787
0.1835
0.1870
0.1945
0.1988
0.2121
0.1943
0.1832
0.1870
0.1717
0.1771
0.1719
0.1846
0.1781
0.1786
0.1745
0.1681
0.1723
0.1737
0.1729
0.1686
0.1675
0.1744
0.1669
0.1696
0.1662
0.1647
0.1604
0.1704
0.1704
0.1664
0.1607
0.1680
0.1683
0.1680
0.1679
0.1635
0.1553
0.1671
0.1669
0.1677
0.1657
0.1636
0.1620
0.1628
0.1705
0.1767
0.1614
0.1791
0.1743
0.1751
0.1790
0.1743
0.1713
0.1714
0.1653
0.1635
0.1649
0.1588
0.1736
0.1721
0.1606
0.1604
0.1569
0.1677
0.1548
0.1595
0.1601
0.1509
0.1571
0.1540
0.1512
0.1474
0.1490
0.1392
0.1419
0.1445
0.1426
0.1490
0.1547
0.1468
0.1532
0.1502
0.1458
0.1443
0.1434
0.1417
0.1483
0.1506
0.1405
0.1439
0.1524
0.1457
0.1511
0.1516
0.1469
0.1486
0.1447
0.1492
0.1413
0.1472
0.1444
0.1392
0.1531
0.1567
0.1473
0.1528
0.1472
0.1540
0.1565
0.1552
0.1538
0.1508
0.1559
0.1493
0.1469
0.1450
0.1526
0.1512
0.1445
0.1461
0.1570
0.1332
0.1378
0.1399
0.1368
0.1316
0.1373
0.1344
0.1340
0.1312
0.1470
0.1348
0.1335
0.1304
0.1330
0.1302
0.1361
0.1360
0.1249
0.1359
0.1338
0.1308
0.1326
0.1411
0.1343
0.1290
0.1306
0.1338
0.1336
0.1427
0.1325
0.1354
0.1379
0.1436
0.1431
0.1368
0.1417
0.1394
0.1356
0.1431
0.1550
0.1469
0.1377
0.1391
0.1430
0.1381
0.1388
0.1462
0.1358
0.1452
0.1433
0.1412
0.1280
0.1251
0.1284
0.1360
0.1372
0.1284
0.1267
0.1214
0.1268
0.1347
0.1242
0.1249
0.1278
0.1231
0.1207
0.1250
0.1203
0.1187
0.1259
0.1304
0.1252
0.1227
0.1289
0.1246
0.1211
0.1279
0.1243
0.1274
0.1193
0.1302
0.1229
0.1302
0.1312
0.1240
0.1274
0.1279
0.1385
0.1378
0.1448
0.1306
0.1292
0.1329
0.1364
0.1342
0.1287
0.1334
0.1399
0.1392
0.1357
0.1306
0.1271
0.1280
0.1266
0.1252
0.1274
0.1221
0.1298
0.1226
0.1244
0.1203
0.1242
0.1165
0.1193
0.1178
0.1176
0.1233
0.1185
0.1143
0.1205
0.1190
0.1244
0.1177
0.1193
0.1201
0.1155
0.1172
0.1185
0.1150
0.1175
0.1223
0.1198
0.1181
0.1207
0.1224
0.1172
0.1277
0.1188
0.1229
0.1252
0.1235
0.1335
0.1354
0.1239
0.1238
0.1393
0.1349
0.1377
0.1241
0.1336
0.1269
0.1251
0.1196
0.1295
0.1310
0.1276
0.1205
0.1231
0.1246
0.1191
0.1223
0.1222
0.1174
0.1155
0.1130
0.1182
0.1173
0.1201
0.1133
0.1126
0.1172
0.1089
0.1129
0.1149
0.1133
0.1181
0.1112
0.1099
0.1117
0.1120
0.1107
0.1148
0.1125
0.1140
0.1162
0.1219
0.1180
0.1184
0.1121
0.1135
0.1190
0.1172
0.1173
0.1211
0.1213
0.1256
0.1219
0.1206
0.1243
0.1150
0.1209
0.1236
0.1501
0.1271
0.1200
0.1182
0.1199
0.1315
0.1224
0.1184
0.1245
0.1189
0.1159
0.1206
0.1231
0.1151
0.1176
0.1088
0.1109
0.1145
0.1093
0.1121
0.1090
0.1106
0.1088
0.1141
0.1072
0.1080
0.1100
0.1040
0.1106
0.1071
0.1159
0.1065
0.1085
0.1071
0.1084
0.1113
0.1122
0.1148
0.1106
0.1073
0.1109
0.1191
0.1172
0.1230
0.1138
0.1131
0.1162
0.1208
0.1305
0.1199
0.1137
0.1178
0.1174
0.1201
0.1204
0.1223
0.1229
0.1195
0.1084
0.1207
0.1161
0.1157
0.1094
0.1115
0.1079
0.1120
0.1103
0.1092
0.1101
0.1073
0.1084
0.1070
0.1053
0.1039
0.1126
0.1049
0.1062
0.1042
0.1091
0.1073
0.1076
0.1065
0.1038
0.1054
0.1077
0.1061
0.1050
0.1138
0.1056
0.1083
0.1033
0.1058
0.1083
0.1055
0.1100
0.1087
0.1107
0.1109
0.1186
0.1268
0.1170
0.1207
0.1200
0.1159
0.1155
0.1143
0.1126
0.1208
0.1154
0.1156
0.1257
0.1162
0.1143
0.1240
0.1130
0.1070
0.1098
0.1174
0.1067
0.1130
0.1057
0.1096
0.1068
0.1063
0.1061
0.1021
0.1066
0.0995
0.1097
0.1046
0.1078
0.1003
0.1021
0.1032
0.1026
0.1023
0.1061
0.1056
0.1041
0.1015
0.1024
0.1058
0.1029
0.1076
0.1106
0.1105
0.1057
0.0994
0.1091
0.1039
0.1091
0.1134
0.1103
0.1136
0.1098
0.1160
0.1220
0.1135
0.1192
0.1119
0.1163
0.1302
0.1149
0.1157
0.1079
0.1152
0.1126
0.1114
0.1096
0.1089
0.1081
0.1121
0.1063
0.1046
0.1009
0.1047
0.1052
0.1044
0.0998
0.1035
0.1039
0.1019
0.0995
0.1029
0.1017
0.1022
0.0981
0.1089
0.0986
0.1016
0.0987
0.0952
0.1018
0.1036
0.0995
0.1004
0.1028
0.1050
0.1064
0.1053
0.1081
0.1040
0.1051
0.1069
0.1037
0.1112
0.1140
0.1058
0.1097
0.1115
0.1011
0.1041
0.1334
0.1203
0.1188
0.1135
0.1174
0.1199
0.1096
0.1092
0.1075
0.1087
0.1098
0.1183
0.1030
0.1051
0.1038
0.1023
0.1043
0.1013
0.1023
0.1000
0.1029
0.0965
0.1011
0.0968
0.0985
0.0998
0.0960
0.0989
0.0976
0.0985
0.1018
0.0983
0.0963
0.0995
0.1018
0.1051
0.0980
0.1035
0.0976
0.1033
0.0990
0.1007
0.1002
0.1059
0.1001
0.1071
0.1032
0.1071
0.1137
0.1199
0.1125
0.1062
0.1005
0.1043
0.1098
0.1166
0.1121
0.1197
0.1083
0.1098
0.1020
0.1020
0.1055
0.1027
0.1039
0.1108
0.1045
0.1000
0.0999
0.0998
0.0995
0.0961
0.0998
0.0985
0.0981
0.0966
0.0967
0.0975
0.0933
0.0938
0.0921
0.0995
0.0947
0.0954
0.0938
0.0942
0.0968
0.0955
0.1067
0.0995
0.0987
0.0965
0.0995
0.1015
0.1067
0.1020
0.1028
0.1046
0.0994
0.1045
0.1076
0.1100
0.1171
0.1361
0.1293
0.1152
0.1114
0.1077
0.1066
0.1098
0.1276
0.1212
0.1139
0.1103
0.1087
0.1023
0.0996
0.1007
0.0997
0.1067
0.1005
0.1020
0.0998
0.1038
0.1063
0.1006
0.0947
0.0964
0.0959
0.0967
0.0920
0.0957
0.0926
0.0939
0.0969
0.0982
0.0959
0.0968
0.0966
0.0960
0.0967
0.0982
0.0960
0.0938
0.0992
0.0951
0.1006
0.0982
0.1025
0.1027
0.1052
0.1001
0.0993
0.1001
0.1063
0.1057
0.1019
0.1079
0.1159
0.1117
1.5168
0.7565
0.6074
0.5699
0.5105
0.4455
0.4513
0.4363
0.4032
0.3948
0.3679
0.3812
0.3646
0.3528
0.3285
0.3285
0.3361
0.3374
0.3445
0.3346
0.3374
0.3452
0.3515
0.3424
0.3287
0.3267
0.3365
0.3303
0.3233
0.3093
0.3096
0.3077
0.3050
0.2915
0.3068
0.2880
0.2724
0.2785
0.2716
0.2914
0.2755
0.2595
0.2776
0.2501
0.2477
0.2395
0.2406
0.2590
0.2502
0.2385
0.2365
0.2215
0.2164
0.2301
0.2233
0.2308
0.2277
0.2059
0.2155
0.2152
0.2258
0.2246
0.2249
0.2123
0.2125
0.2154
0.2167
0.2067
0.2155
0.2115
0.2197
0.2193
0.2223
0.2103
0.2064
0.2167
0.2039
0.2194
0.2515
0.2149
0.2084
0.2059
0.2024
0.2070
0.1966
0.1959
0.2028
0.2073
0.1981
0.1932
0.1894
0.1909
0.1879
0.1940
0.1893
0.1779
0.1799
0.1769
0.1773
0.1708
0.1807
0.1997
0.1778
0.1779
0.1690
0.1740
0.1780
0.1862
0.1897
0.1986
0.1907
0.1831
0.1874
0.1739
0.1776
0.1741
0.1883
0.1822
0.1892
0.1837
0.1787
0.1775
0.1847
0.1827
0.1786
0.1772
0.1826
0.1783
0.1777
0.1696
0.1738
0.1653
0.1716
0.1676
0.1632
0.1584
0.1644
0.1644
0.1652
0.1626
0.1595
0.1524
0.1621
0.1636
0.1620
0.1598
0.1569
0.1578
0.1585
0.1635
0.1700
0.1586
0.1731
0.1695
0.1714
0.1764
0.1650
0.1677
0.1672
0.1662
0.1622
0.1648
0.1578
0.1692
0.1664
0.1551
0.1555
0.1531
0.1620
0.1519
0.1551
0.1557
0.1476
0.1499
0.1514
0.1476
0.1437
0.1462
0.1363
0.1402
0.1436
0.1425
0.1496
0.1559
0.1469
0.1564
0.1508
0.1493
0.1549
0.1496
0.1435
0.1513
0.1547
0.1433
0.1489
0.1561
0.1583
0.1599
0.1753
0.1543
0.1522
0.1490
0.1511
0.1410
0.1456
0.1413
0.1365
0.1477
0.1506
0.1400
0.1422
0.1354
0.1403
0.1396
0.1420
0.1412
0.1333
0.1390
0.1333
0.1351
0.1344
0.1341
0.1380
0.1353
0.1363
0.1466
0.1304
0.1346
0.1388
0.1369
0.1345
0.1407
0.1398
0.1413
0.1381
0.1602
0.1459
0.1442
0.1442
0.1418
0.1405
0.1478
0.1417
0.1354
0.1469
0.1454
0.1352
0.1377
0.1479
0.1383
0.1289
0.1293
0.1322
0.1293
0.1360
0.1268
0.1284
0.1287
0.1301
0.1284
0.1234
0.1318
0.1304
0.1262
0.1278
0.1355
0.1310
0.1281
0.1299
0.1328
0.1302
0.1323
0.1437
0.1326
0.1433
0.1421
0.1439
0.1312
0.1293
0.1339
0.1399
0.1546
0.1396
0.1393
0.1324
0.1341
0.1441
0.1313
0.1302
0.1335
0.1287
0.1260
0.1298
0.1221
0.1219
0.1251
0.1302
0.1249
0.1225
0.1269
0.1233
0.1203
0.1251
0.1227
0.1249
0.1168
0.1265
0.1212
0.1239
0.1259
0.1228
0.1252
0.1258
0.1346
0.1352
0.1409
0.1293
0.1281
0.1304
0.1353
0.1331
0.1272
0.1355
0.1340
0.1322
0.1310
0.1298
0.1255
0.1253
0.1239
0.1233
0.1252
0.1196
0.1259
0.1207
0.1215
0.1180
0.1202
0.1146
0.1183
0.1170
0.1170
0.1224
0.1187
0.1136
0.1248
0.1218
0.1250
0.1202
0.1223
0.1252
0.1208
0.1230
0.1257
0.1233
0.1249
0.1384
0.1467
0.1337
0.1345
0.1334
0.1243
0.1301
0.1227
0.1247
0.1243
0.1208
0.1268
0.1294
0.1166
0.1184
0.1265
0.1216
0.1235
0.1162
0.1224
0.1151
0.1145
0.1117
0.1169
0.1154
0.1146
0.1129
0.1162
0.1170
0.1149
0.1151
0.1178
0.1163
0.1160
0.1148
0.1232
0.1252
0.1293
0.1231
0.1260
0.1265
0.1182
0.1209
0.1228
0.1227
0.1294
0.1302
0.1242
0.1200
0.1209
0.1175
0.1215
0.1157
0.1194
0.1178
0.1243
0.1164
0.1145
0.1079
0.1091
0.1124
0.1104
0.1085
0.1108
0.1122
0.1120
0.1082
0.1093
0.1150
0.1078
0.1127
0.1132
0.1157
0.1103
0.1088
0.1111
0.1144
0.1263
0.1216
0.1186
0.1297
0.1218
0.1176
0.1261
0.1457
0.1308
0.1279
0.1168
0.1203
0.1226
0.1169
0.1170
0.1158
0.1147
0.1138
0.1187
0.1111
0.1087
0.1095
0.1041
0.1098
0.1068
0.1147
0.1059
0.1071
0.1063
0.1071
0.1101
0.1102
0.1112
0.1084
0.1054
0.1083
0.1158
0.1140
0.1153
0.1105
0.1102
0.1143
0.1288
0.1333
0.1232
0.1135
0.1175
0.1163
0.1172
0.1213
0.1213
0.1210
0.1163
0.1064
0.1151
0.1137
0.1132
0.1073
0.1081
0.1059
0.1088
0.1077
0.1069
0.1086
0.1047
0.1057
0.1055
0.1034
0.1032
0.1134
0.1057
0.1070
0.1061
0.1094
0.1096
0.1099
0.1078
0.1068
0.1095
0.1129
0.1119
0.1110
0.1268
0.1269
0.1177
0.1111
0.1119
0.1225
0.1221
0.1186
0.1135
0.1151
0.1140
0.1182
0.1190
0.1138
0.1119
0.1119
0.1059
0.1089
0.1035
0.1039
0.1071
0.1044
0.1083
0.1120
0.1051
0.1030
0.1075
0.0995
0.1001
0.1021
0.1088
0.1035
0.1100
0.1089
0.1125
0.1114
0.1082
0.1072
0.1100
0.1143
0.1085
0.1185
0.1125
0.1198
0.1133
0.1132
0.1153
0.1153
0.1131
0.1154
0.1144
0.1119
0.1080
0.1072
0.1094
0.1042
0.1081
0.1100
0.1089
0.1029
0.0956
0.1045
0.0979
0.1034
0.1030
0.1018
0.1013
0.1002
0.1010
0.0954
0.0988
0.1080
0.0987
0.1016
0.1152
0.1043
0.1074
0.1040
0.1088
0.1112
0.1120
0.1105
0.1113
0.1120
0.1174
